1000      0.025000
2000      0.050000
3000      0.075000
4000      0.100000
5000      0.125000
6000      0.150000
7000      0.157143
8000      0.164286
9000      0.171429
10000      0.178571
11000      0.185714
12000      0.192857
13000      0.200000
14000      0.216667
15000      0.233333
16000      0.250000
17000      0.266667
18000      0.283333
19000      0.300000
20000      0.307143
21000      0.314286
22000      0.321429
23000      0.328571
24000      0.335714
25000      0.342857
26000      0.350000
27000      0.357143
28000      0.364286
29000      0.371429
30000      0.378571
31000      0.385714
32000      0.392857
33000      0.400000
34000      0.406500
35000      0.413000
36000      0.419500
37000      0.426000
38000      0.432500
39000      0.439000
40000      0.445500
41000      0.452000
42000      0.458500
43000      0.465000
44000      0.471500
45000      0.478000
46000      0.484500
47000      0.491000
48000      0.497500
49000      0.504000
50000      0.510500
51000      0.517000
52000      0.523500
53000      0.530000
54000      0.530875
55000      0.531750
56000      0.532625
57000      0.533500
58000      0.534375
59000      0.535250
60000      0.536125
61000      0.537000
62000      0.537875
63000      0.538750
64000      0.539625
65000      0.540500
66000      0.541375
67000      0.542250
68000      0.543125
69000      0.544000
70000      0.544875
71000      0.545750
72000      0.546625
73000      0.547500
74000      0.548375
75000      0.549250
76000      0.550125
77000      0.551000
78000      0.551875
79000      0.552750
80000      0.553625
81000      0.554500
82000      0.555375
83000      0.556250
84000      0.557125
85000      0.558000
86000      0.558875
87000      0.559750
88000      0.560625
89000      0.561500
90000      0.562375
91000      0.563250
92000      0.564125
93000      0.565000
94000      0.565875
95000      0.566750
96000      0.567625
97000      0.568500
98000      0.569375
99000      0.570250
100000      0.571125
101000      0.572000
102000      0.572875
103000      0.573750
104000      0.574625
105000      0.575500
106000      0.576375
107000      0.577250
108000      0.578125
109000      0.579000
110000      0.579875
111000      0.580750
112000      0.581625
113000      0.582500
114000      0.583375
115000      0.584250
116000      0.585125
117000      0.586000
118000      0.586875
119000      0.587750
120000      0.588625
121000      0.589500
122000      0.590375
123000      0.591250
124000      0.592125
125000      0.593000
126000      0.593875
127000      0.594750
128000      0.595625
129000      0.596500
130000      0.597375
131000      0.598250
132000      0.599125
133000      0.600000
134000      0.600187
135000      0.600375
136000      0.600562
137000      0.600749
138000      0.600936
139000      0.601124
140000      0.601311
141000      0.601498
142000      0.601685
143000      0.601873
144000      0.602060
145000      0.602247
146000      0.602434
147000      0.602622
148000      0.602809
149000      0.602996
150000      0.603184
151000      0.603371
152000      0.603558
153000      0.603745
154000      0.603933
155000      0.604120
156000      0.604307
157000      0.604494
158000      0.604682
159000      0.604869
160000      0.605056
161000      0.605243
162000      0.605431
163000      0.605618
164000      0.605805
165000      0.605993
166000      0.606180
167000      0.606367
168000      0.606554
169000      0.606742
170000      0.606929
171000      0.607116
172000      0.607303
173000      0.607491
174000      0.607678
175000      0.607865
176000      0.608052
177000      0.608240
178000      0.608427
179000      0.608614
180000      0.608801
181000      0.608989
182000      0.609176
183000      0.609363
184000      0.609551
185000      0.609738
186000      0.609925
187000      0.610112
188000      0.610300
189000      0.610487
190000      0.610674
191000      0.610861
192000      0.611049
193000      0.611236
194000      0.611423
195000      0.611610
196000      0.611798
197000      0.611985
198000      0.612172
199000      0.612360
200000      0.612547
201000      0.612734
202000      0.612921
203000      0.613109
204000      0.613296
205000      0.613483
206000      0.613670
207000      0.613858
208000      0.614045
209000      0.614232
210000      0.614419
211000      0.614607
212000      0.614794
213000      0.614981
214000      0.615169
215000      0.615356
216000      0.615543
217000      0.615730
218000      0.615918
219000      0.616105
220000      0.616292
221000      0.616479
222000      0.616667
223000      0.616854
224000      0.617041
225000      0.617228
226000      0.617416
227000      0.617603
228000      0.617790
229000      0.617978
230000      0.618165
231000      0.618352
232000      0.618539
233000      0.618727
234000      0.618914
235000      0.619101
236000      0.619288
237000      0.619476
238000      0.619663
239000      0.619850
240000      0.620037
241000      0.620225
242000      0.620412
243000      0.620599
244000      0.620787
245000      0.620974
246000      0.621161
247000      0.621348
248000      0.621536
254000      0.622659
267000      0.625094
280000      0.627528
294000      0.630150
307000      0.632584
320000      0.635019
334000      0.637640
347000      0.640075
360000      0.642509
374000      0.645131
387000      0.647566
400000      0.650000
414000      0.652622
427000      0.655056
441000      0.657678
454000      0.660112
467000      0.662547
481000      0.665169
494000      0.667603
507000      0.670037
521000      0.672659
534000      0.675094
547000      0.677528
561000      0.680150
574000      0.682584
587000      0.685019
601000      0.687640
614000      0.690075
627000      0.692509
641000      0.695131
654000      0.697566
667000      0.700000
684000      0.702553
701000      0.705105
717000      0.707508
734000      0.710060
751000      0.712613
767000      0.715015
784000      0.717568
801000      0.720120
817000      0.722523
834000      0.725075
851000      0.727628
867000      0.730030
884000      0.732583
901000      0.735135
917000      0.737538
934000      0.740090
951000      0.742643
967000      0.745045
984000      0.747598
1000000      0.750000
1017000      0.752553
1034000      0.755105
1050000      0.757508
1067000      0.760060
1084000      0.762613
1100000      0.765015
1117000      0.767568
1134000      0.770120
1150000      0.772523
1167000      0.775075
1184000      0.777628
1200000      0.780030
1217000      0.782583
1234000      0.785135
1250000      0.787538
1267000      0.790090
1284000      0.792643
1300000      0.795045
1317000      0.797598
1333000      0.800000
1383000      0.802500
1433000      0.805000
1483000      0.807500
1533000      0.810000
1583000      0.812500
1633000      0.815000
1683000      0.817500
1733000      0.820000
1783000      0.822500
1833000      0.825000
1883000      0.827500
1933000      0.830000
1983000      0.832500
2033000      0.835000
2083000      0.837500
2133000      0.840000
2183000      0.842500
2233000      0.845000
2283000      0.847500
2333000      0.850000
2383000      0.852500
2433000      0.855000
2483000      0.857500
2533000      0.860000
2583000      0.862500
2633000      0.865000
2683000      0.867500
2733000      0.870000
2783000      0.872500
2833000      0.875000
2883000      0.877500
2933000      0.880000
2983000      0.882500
3033000      0.885000
3083000      0.887500
3133000      0.890000
3183000      0.892500
3233000      0.895000
3283000      0.897500
3333000      0.900000
7001000      0.902505
7334000      0.905003
7667000      0.907500
8001000      0.910005
8334000      0.912503
8667000      0.915000
9001000      0.917505
9334000      0.920003
9667000      0.922501
10001000      0.925006
10334000      0.927503
10667000      0.930001
11001000      0.932506
11334000      0.935003
11667000      0.937501
12001000      0.940006
12334000      0.942504
12667000      0.945001
13001000      0.947506
13334000      0.950004
13667000      0.952501
14001000      0.955006
14334000      0.957504
14667000      0.960002
15001000      0.962507
15334000      0.965004
15667000      0.967502
16001000      0.970007
16334000      0.972504
16667000      0.975002
17001000      0.977507
17334000      0.980005
17667000      0.982502
18001000      0.985007
18334000      0.987505
18667000      0.990002
19001000      0.992507
19334000      0.995005
19667000      0.997502
20000000      1.000000
